[gd_scene load_steps=16 format=3 uid="uid://pj4niym8447t"]

[ext_resource type="PackedScene" uid="uid://40s4yrlc0p76" path="res://InstanceScenes/Cooper/cooper.tscn" id="1_5gbjk"]
[ext_resource type="Script" path="res://NavigationScenes/Levels/Level_Scripts/starting_room.gd" id="1_cwivc"]
[ext_resource type="PackedScene" uid="uid://b15g7s35ofpgg" path="res://InstanceScenes/Furniture/chair.tscn" id="2_2la2r"]
[ext_resource type="PackedScene" uid="uid://bgn46eypg3uw6" path="res://InstanceScenes/Furniture/tall_lamp.tscn" id="3_ka1d1"]
[ext_resource type="PackedScene" uid="uid://cgyqn8rlglb8n" path="res://InstanceScenes/Furniture/table.tscn" id="4_hdc3r"]
[ext_resource type="PackedScene" uid="uid://c7y2ircvi1uyd" path="res://InstanceScenes/Environment/curtain_wall.tscn" id="5_h03pv"]
[ext_resource type="Texture2D" uid="uid://dtfdtult1baj7" path="res://NavigationScenes/Levels/Textures/BlackLodgeTile.png" id="6_nys04"]
[ext_resource type="Environment" uid="uid://de65onlwhs0ka" path="res://NavigationScenes/Levels/Environments/BlackLodge.tres" id="7_f08y1"]
[ext_resource type="PackedScene" uid="uid://bjfy8rpkpre46" path="res://InstanceScenes/Furniture/coffee_mug.tscn" id="8_mlwue"]
[ext_resource type="PackedScene" uid="uid://c7id7ebtkvw05" path="res://InstanceScenes/Furniture/medici_venus.glb" id="9_wejdm"]
[ext_resource type="PackedScene" uid="uid://dqrtqrmcrfmtx" path="res://InstanceScenes/Laura/laura.tscn" id="11_wyi3l"]

[sub_resource type="StandardMaterial3D" id="StandardMaterial3D_owvdk"]
albedo_texture = ExtResource("6_nys04")
uv1_scale = Vector3(5, 5, 5)
uv1_triplanar = true
uv1_triplanar_sharpness = 0.659753
texture_filter = 2

[sub_resource type="PlaneMesh" id="PlaneMesh_knq37"]
material = SubResource("StandardMaterial3D_owvdk")

[sub_resource type="ConcavePolygonShape3D" id="ConcavePolygonShape3D_j3cva"]
data = PackedVector3Array(1, 0, 1, -1, 0, 1, 1, 0, -1, -1, 0, 1, -1, 0, -1, 1, 0, -1)

[sub_resource type="NavigationMesh" id="NavigationMesh_ixjqq"]
vertices = PackedVector3Array(1, 0, 1, -1, 0, 1, 1, 0, -1, -1, 0, -1)
polygons = [PackedInt32Array(0, 1, 2), PackedInt32Array(1, 3, 2)]

[node name="StartingRoom" type="Node3D"]
transform = Transform3D(1, 0, 0, 0, 1, 0, 0, 0, 1, 164.13, 0, 0)
script = ExtResource("1_cwivc")

[node name="Envrionment" type="Node3D" parent="."]

[node name="Furniture" type="Node3D" parent="Envrionment"]
transform = Transform3D(1, 0, 0, 0, 1, 0, 0, 0, 1, -56.8312, 0, 0)

[node name="Chair" parent="Envrionment/Furniture" instance=ExtResource("2_2la2r")]
transform = Transform3D(-0.999747, -0.0163007, -0.0154609, -0.0162987, 0.999867, -0.000252057, 0.015463, 0, -0.99988, 48.4524, 0.575295, 40.8563)

[node name="Chair2" parent="Envrionment/Furniture" instance=ExtResource("2_2la2r")]
transform = Transform3D(0.000680666, 0, 0.999999, 0, 1, 0, -0.999999, 0, 0.000680666, 16.7144, 0.575295, 17.6114)

[node name="Chair3" parent="Envrionment/Furniture" instance=ExtResource("2_2la2r")]
transform = Transform3D(-0.0156026, 0, 0.999878, 0, 1, 0, -0.999878, 0, -0.0156026, 16.7144, 0.575295, -1.0169)

[node name="Tall_Lamp" parent="Envrionment/Furniture" instance=ExtResource("3_ka1d1")]
transform = Transform3D(0.64288, 0, 0, 0, 0.644663, 0, 0, 0, 1, 6.85786, 0, 33.7151)

[node name="Tall_Lamp2" parent="Envrionment/Furniture" instance=ExtResource("3_ka1d1")]
transform = Transform3D(0.64288, 0, 0, 0, 0.644663, 0, 0, 0, 1, 7.18599, 0, -17.2936)

[node name="Table" parent="Envrionment/Furniture" instance=ExtResource("4_hdc3r")]
transform = Transform3D(-1, 0, -8.74228e-08, 0, 1, 0, 8.74228e-08, 0, -1, 63.1467, 0.219491, 40.1407)

[node name="Curtains" type="Node3D" parent="Envrionment"]
transform = Transform3D(1, 0, 0, 0, 1, 0, 0, 0, 1, 0, -1.53776, 0)

[node name="CurtainWall" parent="Envrionment/Curtains" instance=ExtResource("5_h03pv")]
transform = Transform3D(1, 0, 0, 0, 0.998491, 0.0549153, 0, -0.0549153, 0.998491, -34.6538, -8.25246, -23.4457)

[node name="CurtainWall2" parent="Envrionment/Curtains" instance=ExtResource("5_h03pv")]
transform = Transform3D(1, 0, 0, 0, 0.998491, 0.0549153, 0, -0.0549153, 0.998491, -34.6538, -8.25246, -135.084)

[node name="CurtainWall3" parent="Envrionment/Curtains" instance=ExtResource("5_h03pv")]
transform = Transform3D(-0.0271016, -0.0548952, 0.998124, 0, 0.998491, 0.0549153, -0.999633, 0.00148829, -0.0270607, -53.4425, -8.25246, 15.558)

[node name="CurtainWall4" parent="Envrionment/Curtains" instance=ExtResource("5_h03pv")]
transform = Transform3D(-0.0271016, -0.0548952, 0.998124, 0, 0.998491, 0.0549153, -0.999633, 0.00148829, -0.0270607, -189.736, -8.25246, 15.558)

[node name="Floor" type="MeshInstance3D" parent="Envrionment"]
transform = Transform3D(81.7595, 0, 0, 0, 1, 0, 0, 0, 68.7227, -30.1971, 0, 4.81854)
mesh = SubResource("PlaneMesh_knq37")
skeleton = NodePath("../..")

[node name="StaticBody3D" type="StaticBody3D" parent="Envrionment/Floor"]

[node name="CollisionShape3D" type="CollisionShape3D" parent="Envrionment/Floor/StaticBody3D"]
shape = SubResource("ConcavePolygonShape3D_j3cva")

[node name="NavigationRegion3D" type="NavigationRegion3D" parent="Envrionment/Floor"]
navigation_mesh = SubResource("NavigationMesh_ixjqq")

[node name="WorldEnvironment" type="WorldEnvironment" parent="Envrionment"]
environment = ExtResource("7_f08y1")

[node name="AmbientLights" type="Node3D" parent="Envrionment"]

[node name="OmniLight3D" type="OmniLight3D" parent="Envrionment/AmbientLights"]
transform = Transform3D(1, 0, 0, 0, 1, 0, 0, 0, 1, -3.20917, 0, 0)
light_energy = 16.0
omni_range = 38.338

[node name="SpotLight3D" type="SpotLight3D" parent="Envrionment/AmbientLights"]
transform = Transform3D(0.852001, 0.390998, 0.348159, -0.52354, 0.636305, 0.566588, 0, -0.665009, 0.746836, -29.0931, 25.5852, 20.1775)
light_energy = 16.0
spot_range = 90.249
spot_angle = 66.52
spot_angle_attenuation = 0.143587

[node name="Objects" type="Node3D" parent="Envrionment"]

[node name="medici_venus" parent="Envrionment/Objects" instance=ExtResource("9_wejdm")]
transform = Transform3D(2.31429, 0, 2.12274, 0, 3.58317, 0, -3.71473, 0, 1.32247, -49.6123, -1.74399, 8.8854)

[node name="CoffeeMug" parent="Envrionment/Objects" instance=ExtResource("8_mlwue")]
transform = Transform3D(-0.882941, -0.00830636, -0.46941, -0.00940719, 0.999956, 3.16033e-10, 0.469389, 0.00441583, -0.88298, 3.1616, 11.1186, 34.8097)

[node name="Cooper" parent="." instance=ExtResource("1_5gbjk")]
transform = Transform3D(3.13551, 0, -1.55518, 0, 3.5, 0, 1.55518, 0, 3.13551, -7.54131, 4.47047, -59.6421)
mouse_sensitivity = null
move_speed = null
acceleration = null

[node name="Laura" parent="." instance=ExtResource("11_wyi3l")]
transform = Transform3D(0.822997, 0, 3.40186, 0, 3.5, 0, -3.40186, 0, 0.822997, -25.4379, 0, 6.24)

[node name="LauraSkin" parent="Laura" index="0"]
transform = Transform3D(1, 0, -4.47035e-08, 0, 1, 0, 4.47035e-08, 0, 1, 0.894755, 0.261081, -2.62598)

[node name="Skeleton3D" parent="Laura/LauraSkin/Armature" index="0"]
bones/0/rotation = Quaternion(-0.0119155, -4.93635e-08, 0.0020048, 0.999927)
bones/7/position = Vector3(-1.01452, 0.705881, 0.164851)
bones/7/rotation = Quaternion(-0.289259, 0.0971131, -0.312388, 0.899618)
bones/8/position = Vector3(-0.536991, 0.650339, 0.296111)
bones/8/rotation = Quaternion(-0.083618, -0.556661, -0.177717, 0.807189)
bones/9/rotation = Quaternion(0.209699, -0.253288, 0.0801133, 0.940985)
bones/11/position = Vector3(0.593947, 0.583464, -0.275035)
bones/11/rotation = Quaternion(-0.147961, 0.68109, 0.0256995, 0.716634)
bones/12/position = Vector3(0.519964, 1.08029, -0.343894)
bones/12/rotation = Quaternion(0.429138, -0.716826, -0.449342, 0.316374)
bones/13/rotation = Quaternion(0.285422, 0.71298, -0.0125997, 0.64034)
bones/14/position = Vector3(0.0195788, -0.220657, -0.311835)

[node name="Hair" parent="Laura/LauraSkin/Armature/Skeleton3D" index="0"]
transform = Transform3D(0.614155, -1.01281e-07, 4.84288e-08, 9.22009e-08, 0.702505, -1.86265e-08, -4.47035e-08, 2.23517e-08, 0.614155, -0.00715612, 2.36162, -0.291803)

[node name="Icosphere" parent="Laura/LauraSkin/Armature/Skeleton3D" index="1"]
transform = Transform3D(-0.094434, -9.66978e-11, 1.86446e-11, -6.80274e-11, -0.094434, 0, -1.77351e-11, 0, -0.094434, 0.013734, 0.985821, 0.040512)

[node name="AnimationPlayer" parent="Laura/LauraSkin" index="1"]
autoplay = "SitDown"

[editable path="Laura"]
[editable path="Laura/LauraSkin"]
